x <- 4:10
x
y <- c(2,9)
y
x / y